# Single SKU Max Power Table
#   | CCK 1~11| |     OFDM 6 ~ 54     | |             HT20 MCS 0 ~ 15                 | |           HT40 MCS 0 ~ 15                   |
ch1 19 19 19 19 14 14 14 14 14 14 14 14 14 14 14 14 14 14 14 14 14 14 14 14 14 14 14 14 13 13 13 13 13 13 13 13 13 13 13 13 13 13 13 13
ch2 19 19 19 19 19 19 19 19 19 19 19 19 16 16 16 16 16 16 16 16 16 16 16 16 16 16 16 16 13 13 13 13 13 13 13 13 13 13 13 13 13 13 13 13
ch3 19 19 19 19 19 19 19 19 19 19 19 19 16 16 16 16 16 16 16 16 16 16 16 16 16 16 16 16 13 13 13 13 13 13 13 13 13 13 13 13 13 13 13 13
ch4 19 19 19 19 19 19 19 19 19 19 19 19 16 16 16 16 16 16 16 16 16 16 16 16 16 16 16 16 16 16 16 16 16 16 16 16 16 16 16 16 16 16 16 16
ch5 19 19 19 19 19 19 19 19 19 19 19 19 16 16 16 16 16 16 16 16 16 16 16 16 16 16 16 16 16 16 16 16 16 16 16 16 16 16 16 16 16 16 16 16
ch6 19 19 19 19 19 19 19 19 19 19 19 19 16 16 16 16 16 16 16 16 16 16 16 16 16 16 16 16 16 16 16 16 16 16 16 16 16 16 16 16 16 16 16 16
ch7 19 19 19 19 19 19 19 19 19 19 19 19 16 16 16 16 16 16 16 16 16 16 16 16 16 16 16 16 16 16 16 16 16 16 16 16 16 16 16 16 16 16 16 16
ch8 19 19 19 19 19 19 19 19 19 19 19 19 16 16 16 16 16 16 16 16 16 16 16 16 16 16 16 16 16 16 16 16 16 16 16 16 16 16 16 16 16 16 16 16
ch9 19 19 19 19 19 19 19 19 19 19 19 19 16 16 16 16 16 16 16 16 16 16 16 16 16 16 16 16 13 13 13 13 13 13 13 13 13 13 13 13 13 13 13 13
ch10 19 19 19 19 19 19 19 19 19 19 19 19 16 16 16 16 16 16 16 16 16 16 16 16 16 16 16 16 13 13 13 13 13 13 13 13 13 13 13 13 13 13 13 13 
ch11 19 19 19 19 14 14 14 14 14 14 14 14 14 14 14 14 14 14 14 14 14 14 14 14 14 14 14 14 13 13 13 13 13 13 13 13 13 13 13 13 13 13 13 13 
ch12 19 19 19 19 14 14 14 14 14 14 14 14 14 14 14 14 14 14 14 14 14 14 14 14 14 14 14 14 13 13 13 13 13 13 13 13 13 13 13 13 13 13 13 13
ch13 19 19 19 19 14 14 14 14 14 14 14 14 14 14 14 14 14 14 14 14 14 14 14 14 14 14 14 14 13 13 13 13 13 13 13 13 13 13 13 13 13 13 13 13
ch14 
# End of Single SKU Table